6320 北京     上海     16 20 17 25 680
6320 上海     北京     18 0  19 5  680
2104 北京     乌鲁木齐 8  0  9  55 1150
2104 乌鲁木齐 北京     10 45 11 40 1150
201  北京     西安     15 25 17 0  930
201  西安     北京     12 35 14 15 930
2323 西安     广州     7  15 9  35 1320
2323 广州     西安     10 15 11 35 1320
173  拉萨     昆明     10 20 11 45 830
173  昆明     拉萨     12 35 14 0  830
3304 拉萨     武汉     14 15 15 45 890
3304 武汉     拉萨     16 25 17 55 890
82   乌鲁木齐 昆明     9  30 12 15 1480
82   昆明     乌鲁木齐 13 5  15 50 1480
4723 武汉     广州     7  5  8  45 810
4723 广州     武汉     11 25 13 5  810